DATALYSE,Carl Hemmingsen, Cooling graph for boiling water,1
DMI multimeter,0,1,0,1
t/s,T / øC
 0, 21.9
 1, 21.9
 2, 22
 3, 22
 4, 21.9
 5, 25.2
 6, 43.4
 7, 67.9
 8, 85.9
 9, 90.4
 10, 93.4
 11, 94.3
 12, 95.4
 13, 95.9
 14, 96
 15, 96.2
 16, 96.2
 17, 96.2
 18, 96.3
 19, 96.4
 20, 96.4
 21, 96.5
 22, 96.5
 23, 96.4
 24, 96.3
 25, 96.1
 26, 95.9
 27, 95.8
 28, 95.7
 29, 95.5
 30, 95.4
 31, 95.3
 32, 95.3
 33, 95
 34, 95
 35, 94.9
 36, 94.9
 37, 94.8
 38, 94.7
 39, 94.6
 40, 94.4
 41, 94.3
 42, 94.1
 43, 94
 44, 93.7
 45, 93.6
 46, 93.4
 47, 93.4
 48, 93.3
 49, 93.3
 50, 93.3
 51, 93.1
 52, 92.9
 53, 92.8
 54, 92.7
 55, 92.7
 56, 92.8
 57, 92.9
 58, 93
 59, 92.9
 60, 92.7
 61, 92.7
 62, 92.5
 63, 92.4
 64, 92.3
 65, 92.1
 66, 92
 67, 91.9
 68, 91.9
 69, 92
 70, 91.8
 71, 91.8
 72, 91.8
 73, 91.6
 74, 91.5
 75, 91.3
 76, 91.2
 77, 91.2
 78, 91.5
 79, 91.5
 80, 91.7
 81, 91.7
 82, 91.6
 83, 91.4
 84, 91.4
 85, 91.3
 86, 91.3
 87, 91.3
 88, 91
 89, 91
 90, 91.1
 91, 91.2
 92, 91.4
 93, 91.4
 94, 91.3
 95, 91.1
 96, 90.9
 97, 90.8
 98, 90.6
 99, 90.3
 100, 90.3
 101, 90.4
 102, 90.7
 103, 90.8
 104, 90.8
 105, 90.7
 106, 90.7
 107, 90.6
 108, 90.6
 109, 90.6
 110, 90.7
 111, 90.7
 112, 90.4
 113, 90.2
 114, 90.2
 115, 90.1
 116, 90
 117, 89.7
 118, 89.7
 119, 89.6
 120, 89.6
 121, 89.7
 122, 89.8
 123, 89.9
 124, 89.9
 125, 89.9
 126, 89.9
 127, 89.7
 128, 89.6
 129, 89.5
 130, 89.6
 131, 89.8
 132, 89.8
 133, 89.7
 134, 89.6
 135, 89.5
 136, 89.5
 137, 89.1
 138, 89.1
 139, 89
 140, 88.8
 141, 88.8
 142, 88.7
 143, 88.8
 144, 88.9
 145, 88.9
 146, 89
 147, 89
 148, 89
 149, 88.9
 150, 88.9
 151, 88.8
 152, 88.7
 153, 88.8
 154, 88.7
 155, 88.7
 156, 88.6
 157, 88.6
 158, 88.5
 159, 88.5
 160, 88.6
 161, 88.5
 162, 88.3
 163, 88.3
 164, 88.3
 165, 88.3
 166, 88.3
 167, 88.2
 168, 88.2
 169, 88.2
 170, 88.2
 171, 88.1
 172, 88.1
 173, 88
 174, 87.9
 175, 87.9
 176, 87.9
 177, 87.8
 178, 87.8
 179, 87.7
 180, 87.7
 181, 87.6
 182, 87.6
 183, 87.6
 184, 87.6
 185, 87.6
 186, 87.5
 187, 87.5
 188, 87.5
 189, 87.5
 190, 87.5
 191, 87.5
 192, 87.4
 193, 87.4
 194, 87.3
 195, 87.4
 196, 87.4
 197, 87.3
 198, 87.3
 199, 87.2
